
Processing reco.C(0)...

timesND
0 0
-268.875 73
-273.375 36
-270.625 126
-271.375 116
-271.375 154
-271.625 147
-273.375 104
-265.125 176
-266.625 74
-266.125 59
-268.625 69
-272.375 92
-272.625 125
-273.125 134
-273.625 67
-268.875 59
-267.375 53
-267.625 88
-273.875 143
-272.625 156
-272.375 127
-265.125 159
-266.625 87
-265.125 72
-268.125 56
-271.625 166
-266.625 163
-268.375 133
-266.625 170
-266.625 156
-267.875 141

ND_tac
0 0
-366.8 0
-387.74 0
-548.402 0
-393.957 0
-238.613 0
-277.737 0
-200.494 0
-517.05 0
-424.097 0
-482.394 0
-269.368 0
-326.418 0
-354.412 0
-600.092 0
-584.381 0
-476.01 0
-568.074 0
-411.546 0
-607.237 0
-786.578 0
-628.845 0
-755.346 0
-752.551 0
-781.567 0
-659.678 0
-674.349 0
-744.78 0
-599.454 0
-587.252 0
-678.671 0
-642.764 0
xtab[i0+1] 	0	ytab[i0+1] 	0.00166667
xtab[i0+1] 	0	ytab[i0+1] 	0.00166667
xtab[i0+1] 	0	ytab[i0+1] 	0.00166667
xtab[i0+1] 	0	ytab[i0+1] 	0.00166667
xtab[i0+1] 	0	ytab[i0+1] 	0.00166667
xtab[i0+1] 	0	ytab[i0+1] 	0.00166667
xtab[i0+1] 	0.0468393	ytab[i0+1] 	0.00250001
xtab[i0+1] 	0.0468393	ytab[i0+1] 	0.00250001
3141894 total number of Entries
#ENTRY 0#
#ENTRY 1000000#
#ENTRY 2000000#
#ENTRY 3000000#
